;  
; XRS FM-1 Calibration File = xrs_fm1_responsivity_renormalize.dat
; Generated by xrs_responsivity_make_file.pro using a FLAT spectrum.
;  
; Integrated Resposivity (IntegR) is used to convert XRS signal 
;    in Amps to Watts/m^2 as follows: 
;            Irradiance_W_per_m2 = Signal_Amps / IntegR_Amps_m2_per_W
;    XRS A1 IntegR = 9.6150000e-06
;    XRS A2 IntegR = 5.0636203e-07
;    XRS B1 IntegR = 1.4690000e-05
;    XRS B2 IntegR = 7.7616903e-07
;  
; Aperture Area for the XRS channels are:
;    XRS A1 Area = 0.80946551 cm^2
;    XRS A2 Area = 0.040307721 cm^2
;    XRS B1 Area = 0.80946551 cm^2
;    XRS B2 Area = 0.040024905 cm^2
;  
; Data in this file are Responsivity (in Amp/Watt) 
;    as a function of wavelength (in Angstroms).
;  
FORMAT = (F7.3,4E12.3)
 172 lines : xrs_fm1_responsivity_renormalize.dat created on Thu Feb 20 10:02:03 2020
 5 columns : XRS FM-1 calibration: Wavelength (Ang), A1, A2, B1, B2 Responsivity in units of Amps/Watt
  0.413   4.016E-03   4.283E-03   4.018E-03   4.286E-03
  0.424   4.361E-03   4.651E-03   4.363E-03   4.655E-03
  0.436   4.735E-03   5.049E-03   4.737E-03   5.054E-03
  0.448   5.140E-03   5.481E-03   5.143E-03   5.487E-03
  0.460   5.578E-03   5.949E-03   5.583E-03   5.956E-03
  0.472   6.053E-03   6.455E-03   6.059E-03   6.464E-03
  0.485   6.568E-03   7.004E-03   6.574E-03   7.014E-03
  0.498   7.124E-03   7.597E-03   7.133E-03   7.609E-03
  0.512   7.727E-03   8.240E-03   7.737E-03   8.254E-03
  0.525   8.378E-03   8.934E-03   8.391E-03   8.952E-03
  0.540   9.083E-03   9.686E-03   9.099E-03   9.707E-03
  0.554   9.844E-03   1.050E-02   9.864E-03   1.052E-02
  0.569   1.067E-02   1.138E-02   1.069E-02   1.141E-02
  0.585   1.156E-02   1.232E-02   1.159E-02   1.236E-02
  0.600   1.252E-02   1.335E-02   1.255E-02   1.339E-02
  0.617   1.355E-02   1.445E-02   1.360E-02   1.451E-02
  0.633   1.467E-02   1.565E-02   1.472E-02   1.571E-02
  0.650   1.588E-02   1.693E-02   1.594E-02   1.700E-02
  0.668   1.717E-02   1.831E-02   1.725E-02   1.840E-02
  0.686   1.857E-02   1.980E-02   1.865E-02   1.990E-02
  0.705   2.007E-02   2.140E-02   2.017E-02   2.152E-02
  0.724   2.168E-02   2.311E-02   2.180E-02   2.326E-02
  0.743   2.341E-02   2.496E-02   2.355E-02   2.513E-02
  0.763   2.526E-02   2.694E-02   2.544E-02   2.714E-02
  0.784   2.725E-02   2.906E-02   2.746E-02   2.930E-02
  0.805   2.938E-02   3.133E-02   2.963E-02   3.161E-02
  0.827   3.166E-02   3.376E-02   3.195E-02   3.409E-02
  0.849   3.409E-02   3.635E-02   3.444E-02   3.675E-02
  0.872   3.670E-02   3.913E-02   3.711E-02   3.959E-02
  0.896   3.947E-02   4.208E-02   3.995E-02   4.262E-02
  0.920   4.242E-02   4.523E-02   4.300E-02   4.587E-02
  0.945   4.556E-02   4.857E-02   4.624E-02   4.933E-02
  0.971   4.890E-02   5.213E-02   4.969E-02   5.302E-02
  0.997   5.243E-02   5.589E-02   5.337E-02   5.693E-02
  1.024   5.617E-02   5.988E-02   5.727E-02   6.110E-02
  1.052   6.012E-02   6.409E-02   6.141E-02   6.552E-02
  1.080   6.429E-02   6.853E-02   6.580E-02   7.020E-02
  1.109   6.866E-02   7.319E-02   7.043E-02   7.514E-02
  1.139   7.326E-02   7.809E-02   7.533E-02   8.036E-02
  1.170   7.806E-02   8.320E-02   8.047E-02   8.585E-02
  1.202   8.307E-02   8.854E-02   8.588E-02   9.162E-02
  1.234   8.793E-02   9.371E-02   9.119E-02   9.728E-02
  1.268   9.289E-02   9.899E-02   9.665E-02   1.031E-01
  1.302   9.843E-02   1.049E-01   1.028E-01   1.097E-01
  1.337   1.041E-01   1.109E-01   1.092E-01   1.165E-01
  1.373   1.099E-01   1.171E-01   1.158E-01   1.235E-01
  1.410   1.159E-01   1.234E-01   1.226E-01   1.308E-01
  1.449   1.219E-01   1.298E-01   1.297E-01   1.383E-01
  1.488   1.279E-01   1.362E-01   1.368E-01   1.460E-01
  1.528   1.339E-01   1.426E-01   1.442E-01   1.538E-01
  1.569   1.399E-01   1.490E-01   1.516E-01   1.618E-01
  1.612   1.458E-01   1.552E-01   1.592E-01   1.698E-01
  1.655   1.515E-01   1.613E-01   1.667E-01   1.779E-01
  1.700   1.569E-01   1.671E-01   1.743E-01   1.859E-01
  1.746   1.621E-01   1.726E-01   1.818E-01   1.939E-01
  1.793   1.669E-01   1.777E-01   1.891E-01   2.018E-01
  1.842   1.713E-01   1.823E-01   1.963E-01   2.095E-01
  1.892   1.752E-01   1.864E-01   2.033E-01   2.169E-01
  1.943   1.786E-01   1.899E-01   2.100E-01   2.240E-01
  1.995   1.813E-01   1.928E-01   2.163E-01   2.308E-01
  2.049   1.833E-01   1.949E-01   2.223E-01   2.372E-01
  2.105   1.846E-01   1.962E-01   2.278E-01   2.431E-01
  2.162   1.852E-01   1.968E-01   2.329E-01   2.485E-01
  2.220   1.849E-01   1.964E-01   2.374E-01   2.533E-01
  2.280   1.839E-01   1.952E-01   2.414E-01   2.576E-01
  2.342   1.820E-01   1.931E-01   2.449E-01   2.613E-01
  2.405   1.792E-01   1.902E-01   2.478E-01   2.644E-01
  2.470   1.757E-01   1.864E-01   2.501E-01   2.668E-01
  2.537   1.715E-01   1.818E-01   2.519E-01   2.687E-01
  2.606   1.665E-01   1.764E-01   2.531E-01   2.701E-01
  2.676   1.609E-01   1.704E-01   2.539E-01   2.709E-01
  2.749   1.547E-01   1.637E-01   2.542E-01   2.712E-01
  2.823   1.479E-01   1.564E-01   2.541E-01   2.711E-01
  2.899   1.407E-01   1.486E-01   2.536E-01   2.706E-01
  2.978   1.330E-01   1.404E-01   2.527E-01   2.697E-01
  3.058   1.250E-01   1.318E-01   2.515E-01   2.684E-01
  3.141   1.168E-01   1.231E-01   2.501E-01   2.669E-01
  3.226   1.085E-01   1.142E-01   2.484E-01   2.651E-01
  3.313   1.001E-01   1.052E-01   2.465E-01   2.630E-01
  3.403   9.162E-02   9.619E-02   2.443E-01   2.607E-01
  3.495   8.322E-02   8.724E-02   2.419E-01   2.582E-01
  3.589   7.494E-02   7.844E-02   2.393E-01   2.555E-01
  3.686   6.685E-02   6.987E-02   2.365E-01   2.525E-01
  3.786   5.904E-02   6.160E-02   2.335E-01   2.493E-01
  3.889   5.158E-02   5.370E-02   2.303E-01   2.458E-01
  3.994   4.452E-02   4.626E-02   2.268E-01   2.421E-01
  4.102   3.793E-02   3.932E-02   2.230E-01   2.381E-01
  4.213   3.194E-02   3.303E-02   2.191E-01   2.339E-01
  4.327   2.653E-02   2.736E-02   2.149E-01   2.295E-01
  4.444   2.168E-02   2.229E-02   2.105E-01   2.248E-01
  4.564   1.741E-02   1.785E-02   2.057E-01   2.197E-01
  4.687   1.372E-02   1.401E-02   2.007E-01   2.144E-01
  4.814   1.059E-02   1.078E-02   1.954E-01   2.087E-01
  4.944   7.992E-03   8.102E-03   1.898E-01   2.027E-01
  5.078   5.888E-03   5.943E-03   1.838E-01   1.964E-01
  5.215   4.224E-03   4.244E-03   1.776E-01   1.898E-01
  5.356   2.945E-03   2.944E-03   1.711E-01   1.829E-01
  5.501   1.991E-03   1.978E-03   1.643E-01   1.756E-01
  5.650   1.300E-03   1.284E-03   1.572E-01   1.680E-01
  5.803   8.187E-04   8.034E-04   1.498E-01   1.602E-01
  5.960   4.954E-04   4.826E-04   1.422E-01   1.521E-01
  6.121   2.870E-04   2.774E-04   1.344E-01   1.438E-01
  6.287   1.596E-04   1.530E-04   1.265E-01   1.353E-01
  6.457   8.500E-05   8.074E-05   1.185E-01   1.268E-01
  6.631   4.293E-05   4.038E-05   1.104E-01   1.181E-01
  6.811   2.012E-05   1.872E-05   1.005E-01   1.076E-01
  6.995   9.056E-06   8.332E-06   9.301E-02   9.963E-02
  7.184   3.803E-06   3.455E-06   8.534E-02   9.144E-02
  7.378   1.482E-06   1.329E-06   7.763E-02   8.321E-02
  7.578   5.326E-07   4.705E-07   6.997E-02   7.503E-02
  7.783   1.755E-07   1.526E-07   6.247E-02   6.702E-02
  7.993   5.257E-08   4.493E-08   5.520E-02   5.925E-02
  8.209   1.423E-08   1.193E-08   4.826E-02   5.182E-02
  8.432   3.527E-09   2.899E-09   4.179E-02   4.490E-02
  8.660   7.860E-10   6.324E-10   3.579E-02   3.848E-02
  8.894   1.547E-10   1.216E-10   3.026E-02   3.255E-02
  9.134   2.660E-11   2.039E-11   2.522E-02   2.715E-02
  9.382   3.950E-12   2.946E-12   2.071E-02   2.231E-02
  9.635   5.017E-13   3.633E-13   1.673E-02   1.804E-02
  9.896   5.370E-14   3.766E-14   1.328E-02   1.433E-02
 10.163   4.791E-15   3.245E-15   1.034E-02   1.117E-02
 10.439   3.484E-16   2.273E-16   7.885E-03   8.525E-03
 10.720   2.050E-17   1.284E-17   5.883E-03   6.367E-03
 11.011   9.514E-19   5.704E-19   4.282E-03   4.640E-03
 11.308   3.424E-20   1.958E-20   3.036E-03   3.294E-03
 11.614   9.363E-22   5.084E-22   2.092E-03   2.273E-03
 11.928   1.907E-23   9.795E-24   1.399E-03   1.522E-03
 12.251   2.799E-25   1.353E-25   9.040E-04   9.852E-04
 12.582   2.849E-27   1.290E-27   5.625E-04   6.141E-04
 12.923   1.955E-29   8.238E-30   3.360E-04   3.676E-04
 13.272   9.057E-32   3.534E-32   1.927E-04   2.113E-04
 13.631   2.895E-34   1.040E-34   1.064E-04   1.169E-04
 14.000   6.107E-37   2.010E-37   5.625E-05   6.195E-05
 14.379   7.771E-40   2.324E-40   2.823E-05   3.117E-05
 14.768   5.405E-43   1.457E-43   1.331E-05   1.474E-05
 15.167   1.986E-46   4.778E-47   5.873E-06   6.523E-06
 15.577   3.763E-50   8.009E-51   2.421E-06   2.697E-06
 15.999   3.568E-54   6.651E-55   9.286E-07   1.039E-06
 16.431   1.658E-58   2.679E-59   3.309E-07   3.715E-07
 16.876   3.427E-63   4.744E-64   1.085E-07   1.223E-07
 17.332   2.917E-68   3.416E-69   3.243E-08   3.673E-08
 17.801   1.764E-73   1.740E-74   9.360E-09   1.065E-08
 18.283   6.244E-79   5.143E-80   2.556E-09   2.922E-09
 18.777   2.217E-85   1.476E-86   5.502E-10   6.327E-10
 19.285   1.635E-92   8.608E-94   1.007E-10   1.165E-10
 19.806  6.057E-100  2.495E-101   1.716E-11   1.999E-11
 20.342  8.711E-108  2.771E-109   2.651E-12   3.110E-12
 20.892  3.093E-116  7.445E-118   3.545E-13   4.190E-13
 21.457  2.268E-125  4.039E-127   4.027E-14   4.799E-14
 22.038  2.693E-135  3.457E-137   3.790E-15   4.556E-15
 22.634  7.388E-146  6.695E-148   3.065E-16   3.719E-16
 23.246  5.222E-157  3.275E-159   2.177E-17   2.668E-17
 23.875  4.326E-169  1.821E-171   1.227E-18   1.520E-18
 24.520  3.583E-182  9.798E-185   5.449E-20   6.830E-20
 25.183  2.797E-196  4.803E-199   1.896E-21   2.406E-21
 25.865  1.701E-211  1.769E-214   5.066E-23   6.519E-23
 26.564  6.785E-228  4.107E-231   1.022E-24   1.334E-24
 27.283  1.476E-245  4.989E-249   1.525E-26   2.023E-26
 28.021  1.561E-264  2.822E-268   1.665E-28   2.246E-28
 28.779  6.009E-285  5.540E-289   1.291E-30   1.773E-30
 29.557  6.225E-307  2.779E-311   6.887E-33   9.649E-33
 30.357   0.000E+00   0.000E+00   2.440E-35   3.492E-35
 31.177   0.000E+00   0.000E+00   5.684E-38   8.320E-38
 32.020   0.000E+00   0.000E+00   1.035E-40   1.551E-40
 32.887   0.000E+00   0.000E+00   1.442E-43   2.215E-43
 33.777   0.000E+00   0.000E+00   1.298E-46   2.046E-46
 34.690   0.000E+00   0.000E+00   7.069E-50   1.147E-49
 35.628   0.000E+00   0.000E+00   2.236E-53   3.738E-53
 36.592   0.000E+00   0.000E+00   3.948E-57   6.817E-57
 37.581   0.000E+00   0.000E+00   3.745E-61   6.695E-61
 38.598   0.000E+00   0.000E+00   1.820E-65   3.376E-65
 39.642   0.000E+00   0.000E+00   4.181E-70   8.074E-70
